CovFxn:squared_exp|Length:2| [1]  1.000000  1.310345  1.620690  1.931034  2.241379  2.551724  2.862069  3.172414  3.482759
[10]  3.793103  4.103448  4.413793  4.724138  5.034483  5.344828  5.655172  5.965517  6.275862
[19]  6.586207  6.896552  7.206897  7.517241  7.827586  8.137931  8.448276  8.758621  9.068966
[28]  9.379310  9.689655 10.000000
 [1]  1.000000  1.310345  1.620690  1.931034  2.241379  2.551724  2.862069  3.172414  3.482759
[10]  3.793103  4.103448  4.413793  4.724138  5.034483  5.344828  5.655172  5.965517  6.275862
[19]  6.586207  6.896552  7.206897  7.517241  7.827586  8.137931  8.448276  8.758621  9.068966
[28]  9.379310  9.689655 10.000000
 [1]  1.000000  1.310345  1.620690  1.931034  2.241379  2.551724  2.862069  3.172414  3.482759
[10]  3.793103  4.103448  4.413793  4.724138  5.034483  5.344828  5.655172  5.965517  6.275862
[19]  6.586207  6.896552  7.206897  7.517241  7.827586  8.137931  8.448276  8.758621  9.068966
[28]  9.379310  9.689655 10.000000
 [1]  1.000000  1.310345  1.620690  1.931034  2.241379  2.551724  2.862069  3.172414  3.482759
[10]  3.793103  4.103448  4.413793  4.724138  5.034483  5.344828  5.655172  5.965517  6.275862
[19]  6.586207  6.896552  7.206897  7.517241  7.827586  8.137931  8.448276  8.758621  9.068966
[28]  9.379310  9.689655 10.000000
 [1]  1.000000  1.310345  1.620690  1.931034  2.241379  2.551724  2.862069  3.172414  3.482759
[10]  3.793103  4.103448  4.413793  4.724138  5.034483  5.344828  5.655172  5.965517  6.275862
[19]  6.586207  6.896552  7.206897  7.517241  7.827586  8.137931  8.448276  8.758621  9.068966
[28]  9.379310  9.689655 10.000000
